Some((
    red: 0.7764706,
    green: 0.78431374,
    blue: 0.81960785,
))