Some((
    red: 0.15294118,
    green: 0.17254902,
    blue: 0.25882354,
))