Some((
    red: 0.08627451,
    green: 0.09411766,
    blue: 0.12941177,
    alpha: 1.0,
))