Some((
    red: 0.8235294,
    green: 0.83137256,
    blue: 0.87058824,
))