Some((
    red: 0.2,
    green: 0.21568629,
    blue: 0.29803923,
))