Some((
    red: 0.9098039,
    green: 0.9137255,
    blue: 0.9254902,
    alpha: 1.0,
))