Some((
    red: 0.7882353,
    green: 0.8039216,
    blue: 0.84313726,
))