Some((
    red: 0.14901961,
    green: 0.1647059,
    blue: 0.24705882,
))